8784
1
101
50.52680249180802
5
102
50.52680249180802
8
103
50.52680249180802
7
104
50.52680249180802
8
105
50.52680249180802
9
106
50.52680249180802
9
107
50.52680249180802
5
108
50.52680249180802
8
109
50.52680249180802
6
110
50.52680249180802
7
111
50.52680249180802
7
112
50.52680249180802
5
113
50.52680249180802
6

2
201
50.52680249180802
7
202
50.52680249180802
5
203
50.52680249180802
8
204
50.52680249180802
5
205
50.52680249180802
6
206
50.52680249180802
7
207
50.52680249180802
5
208
50.52680249180802
9
209
50.52680249180802
9
210
50.52680249180802
8
211
50.52680249180802
8
212
50.52680249180802
7
213
50.52680249180802
6

3
301
50.52680249180802
8
302
50.52680249180802
9
303
50.52680249180802
8
304
50.52680249180802
9
305
50.52680249180802
8
306
50.52680249180802
8
307
50.52680249180802
8
308
50.52680249180802
7
309
50.52680249180802
9
310
50.52680249180802
5
311
50.52680249180802
5
312
50.52680249180802
8
313
50.52680249180802
5

4
401
50.52680249180802
5
402
50.52680249180802
9
403
50.52680249180802
6
404
50.52680249180802
8
405
50.52680249180802
6
406
50.52680249180802
5
407
50.52680249180802
7
408
50.52680249180802
7
409
50.52680249180802
6
410
50.52680249180802
6
411
50.52680249180802
7
412
50.52680249180802
9
413
50.52680249180802
7

5
501
50.52680249180802
6
502
50.52680249180802
9
503
50.52680249180802
6
504
50.52680249180802
7
505
50.52680249180802
6
506
50.52680249180802
6
507
50.52680249180802
7
508
50.52680249180802
7
509
50.52680249180802
6
510
50.52680249180802
7
511
50.52680249180802
8
512
50.52680249180802
7
513
50.52680249180802
6


9422
1
101
114.82137891274206
8
102
114.82137891274206
7
103
114.82137891274206
6
104
114.82137891274206
9
105
114.82137891274206
6
106
114.82137891274206
6
107
114.82137891274206
9
108
114.82137891274206
5
109
114.82137891274206
5
110
114.82137891274206
8
111
114.82137891274206
6
112
114.82137891274206
7

2
201
114.82137891274206
9
202
114.82137891274206
6
203
114.82137891274206
5
204
114.82137891274206
6
205
114.82137891274206
9
206
114.82137891274206
5
207
114.82137891274206
9
208
114.82137891274206
7
209
114.82137891274206
9
210
114.82137891274206
9
211
114.82137891274206
5
212
114.82137891274206
6

3
301
114.82137891274206
9
302
114.82137891274206
9
303
114.82137891274206
8
304
114.82137891274206
9
305
114.82137891274206
7
306
114.82137891274206
5
307
114.82137891274206
8
308
114.82137891274206
5
309
114.82137891274206
6
310
114.82137891274206
8
311
114.82137891274206
7
312
114.82137891274206
7

4
401
114.82137891274206
8
402
114.82137891274206
6
403
114.82137891274206
8
404
114.82137891274206
5
405
114.82137891274206
5
406
114.82137891274206
6
407
114.82137891274206
8
408
114.82137891274206
6
409
114.82137891274206
6
410
114.82137891274206
5
411
114.82137891274206
5
412
114.82137891274206
9

5
501
114.82137891274206
7
502
114.82137891274206
9
503
114.82137891274206
8
504
114.82137891274206
7
505
114.82137891274206
7
506
114.82137891274206
6
507
114.82137891274206
8
508
114.82137891274206
9
509
114.82137891274206
6
510
114.82137891274206
8
511
114.82137891274206
5
512
114.82137891274206
9

6
601
114.82137891274206
7
602
114.82137891274206
8
603
114.82137891274206
9
604
114.82137891274206
6
605
114.82137891274206
8
606
114.82137891274206
5
607
114.82137891274206
8
608
114.82137891274206
5
609
114.82137891274206
5
610
114.82137891274206
8
611
114.82137891274206
5
612
114.82137891274206
6


2387
1
101
82.23751204069625
9
102
82.23751204069625
6
103
82.23751204069625
6
104
82.23751204069625
8
105
82.23751204069625
5
106
82.23751204069625
6
107
82.23751204069625
9
108
82.23751204069625
9
109
82.23751204069625
9
110
82.23751204069625
6
111
82.23751204069625
5
112
82.23751204069625
7
113
82.23751204069625
9

2
201
82.23751204069625
7
202
82.23751204069625
7
203
82.23751204069625
9
204
82.23751204069625
9
205
82.23751204069625
7
206
82.23751204069625
6
207
82.23751204069625
8
208
82.23751204069625
6
209
82.23751204069625
5
210
82.23751204069625
5
211
82.23751204069625
9
212
82.23751204069625
9
213
82.23751204069625
8

3
301
82.23751204069625
8
302
82.23751204069625
8
303
82.23751204069625
8
304
82.23751204069625
9
305
82.23751204069625
5
306
82.23751204069625
8
307
82.23751204069625
8
308
82.23751204069625
7
309
82.23751204069625
8
310
82.23751204069625
6
311
82.23751204069625
9
312
82.23751204069625
9
313
82.23751204069625
8

4
401
82.23751204069625
5
402
82.23751204069625
5
403
82.23751204069625
8
404
82.23751204069625
8
405
82.23751204069625
8
406
82.23751204069625
9
407
82.23751204069625
8
408
82.23751204069625
6
409
82.23751204069625
8
410
82.23751204069625
7
411
82.23751204069625
7
412
82.23751204069625
6
413
82.23751204069625
5

5
501
82.23751204069625
8
502
82.23751204069625
8
503
82.23751204069625
7
504
82.23751204069625
8
505
82.23751204069625
8
506
82.23751204069625
8
507
82.23751204069625
6
508
82.23751204069625
6
509
82.23751204069625
5
510
82.23751204069625
6
511
82.23751204069625
9
512
82.23751204069625
5
513
82.23751204069625
6

6
601
82.23751204069625
9
602
82.23751204069625
6
603
82.23751204069625
8
604
82.23751204069625
7
605
82.23751204069625
5
606
82.23751204069625
8
607
82.23751204069625
5
608
82.23751204069625
8
609
82.23751204069625
8
610
82.23751204069625
5
611
82.23751204069625
8
612
82.23751204069625
9
613
82.23751204069625
8


